83
5
5.2
-0.08
-10
90
0
0
2.9
1
1
5
-5.2
-0.08
-10
90
0
0
2.9
1
1
5
0
-0.142
-10
90
0
0
5.8
4.28
1
3
4.2
-0.08
-9
0
0
0
2
2
2
3
-7.2
-0.08
-9
0
0
0
2
2
2
4
0
-0.08
-9
0
0
0
1.2
1.2
1.2
3
5
-0.08
-6.5
0
0
0
2
2
2
3
-8
-0.08
-6.5
0
0
0
2
2
2
6
-9.3
0.2
-5.6
0
0
0
1
0.7
1
6
-8.2
0.2
-5.6
0
0
0
1
0.7
1
6
-6.8
0.2
-5.6
0
0
0
1
0.7
1
6
-5.4
0.2
-5.6
0
0
0
1
0.7
1
6
-4
0.2
-5.6
0
0
0
1
0.7
1
6
-2.6
0.2
-5.6
0
0
0
1
0.7
1
6
-1.3
0.2
-5.6
0
0
0
1
0.7
1
6
9.3
0.2
-5.2
0
180
0
1
0.7
1
6
8.2
0.2
-5.2
0
180
0
1
0.7
1
6
6.8
0.2
-5.2
0
180
0
1
0.7
1
6
5.4
0.2
-5.2
0
180
0
1
0.7
1
6
4
0.2
-5.2
0
180
0
1
0.7
1
6
2.6
0.2
-5.2
0
180
0
1
0.7
1
6
1.3
0.2
-5.2
0
180
0
1
0.7
1
7
-0.3
0
-5.3
0
0
0
0.45
0.5
0.5
7
0.3
0
-5.3
0
180
0
0.45
0.5
0.5
1
1.5
0
-6
0
180
0
1
1
1
1
1.5
0
-7
0
180
0
1
1
1
1
-1.5
0
-6
0
0
0
1
1
1
1
-1.5
0
-7
0
0
0
1
1
1
2
0.7
0
-5.8
0
0
0
0.3
0.3
0.3
2
0.7
0
-6.4
0
0
0
0.3
0.3
0.3
2
0.7
0
-7
0
0
0
0.3
0.3
0.3
2
-0.7
0
-5.8
0
0
0
0.3
0.3
0.3
2
-0.7
0
-6.4
0
0
0
0.3
0.3
0.3
2
-0.7
0
-7
0
0
0
0.3
0.3
0.3
8
0
0
1
0
0
0
1.3
1.3
1.3
9
6
0
-2
0
-90
0
0.7
0.7
0.7
9
6
0
0
0
-90
0
0.7
0.7
0.7
9
6
0
2
0
-90
0
0.7
0.7
0.7
9
6
0
4
0
-90
0
0.7
0.7
0.7
9
8
0
-2
0
-90
0
0.7
0.7
0.7
9
8
0
0
0
-90
0
0.7
0.7
0.7
9
8
0
2
0
-90
0
0.7
0.7
0.7
9
8
0
4
0
-90
0
0.7
0.7
0.7
9
-6
0
-2
0
90
0
0.7
0.7
0.7
9
-6
0
0
0
90
0
0.7
0.7
0.7
9
-6
0
2
0
90
0
0.7
0.7
0.7
9
-6
0
4
0
90
0
0.7
0.7
0.7
9
-8
0
-2
0
90
0
0.7
0.7
0.7
9
-8
0
0
0
90
0
0.7
0.7
0.7
9
-8
0
2
0
90
0
0.7
0.7
0.7
9
-8
0
4
0
90
0
0.7
0.7
0.7
10
0
0
-6.4
0
180
0
0.7
0.7
0.5
10
-1.4
0
-5
0
90
0
0.7
0.7
0.5
10
1.4
0
-5
0
-90
0
0.7
0.7
0.5
11
5.5
0
0
0
-90
0
0.2
0.2
0.2
11
7.5
0
2
0
-90
0
0.2
0.2
0.2
11
7.5
0
-2
0
-90
0
0.2
0.2
0.2
11
5.5
0
4
0
-90
0
0.2
0.2
0.2
11
-5.5
0
-2
0
90
0
0.2
0.2
0.2
11
-7.5
0
4
0
90
0
0.2
0.2
0.2
11
-7.5
0
0
0
90
0
0.2
0.2
0.2
11
-5.5
0
2
0
90
0
0.2
0.2
0.2
14
-5.5
0
4
0
0
0
0.2
0.2
0.2
14
5.5
0
1
0
0
0
0.2
0.2
0.2
11
0
0
-5
0
0
0
0.2
0.2
0.2
12
-7.2
0
0
0
0
0
0.8
0.8
0.5
12
-7.2
0
4
0
0
0
0.8
0.8
0.5
12
-5.2
0
2
0
0
0
0.8
0.8
0.5
12
7.2
0
-2
0
0
0
0.8
0.8
0.5
12
7.2
0
2
0
0
0
0.8
0.8
0.5
12
5.2
0
4
0
0
0
0.8
0.8
0.5
12
0
0
-3.55
0
-85
0
0.8
0.8
0.5
12
-1.5
0
-3.2
0
-70
0
0.8
0.8
0.5
12
1.5
0
5.8
0
110
0
0.8
0.8
0.5
13
-7.5
0
8
0
120
0
0.6
0.6
0.6
5
-7.7
-0.05
5.5
90
0
0
1.4
1
0.8
14
-6.5
0
8
0
0
0
0.4
0.4
0.4
11
-6.5
0
7
0
110
0
0.3
0.3
0.3
5
7.7
-0.05
5.5
90
0
0
1.4
1
0.8
16
7.5
0
8
0
-140
0
1
1
1
15
0
4.5
-7
0
-90
0
1
1
1
16
-7.5
6
4
0
0
0
1
1
1
16
7.5
6
4
0
180
0
1
1
1
